2914
61189092
39664663
112406533
1333346644
24336188
1305487
28916
9555
11308
8093
7454
6994
6515
4953
4875
5444
5399
5594
4929
4708
4921
4615
4927
4633
4819
4528
3508
4313
3682
4414
3979
4354
4230
4726
4368
4804
4769
4893
4381
4632
4820
4556
4442
4378
4288
4458
4651
4564
4913
4667
4852
4714
4318
5522
5166
8432
5071653
11270152
33309504
68978901
3384154794
6076809736
7157195789
4626381397
2285021879
671651136
515475523
736894856
1861572681
1471695127
1495219671
1332817761
1255034998
1222068404
1168209670
996723093
1008763159
757912124
562759824
295577619
151811423
60827092
14271957
850742
113965
83228
150102
129263
105723
42727
23733
61111
50346
29430
32381
30979
13088
7462
4563
5092
5416
4529
4868
4614
4458
4660
3962
4177
3641
4450
4046
4954
4161
4213
4278
4229
4392
3882
3529
4271
4477
4447
4697
4124
4151
4851
3722
4638
3883
4074
5103
3957
4120
4276
4430
4123
4539
4430
3698
4129
3690
4247
4134
3667
3807
4514
4564
4692
4251
4139
4054
4214
4102
3695
3913
4321
4496
3981
4398
4065
4370
4506
4147
4660
4600
4536
4408
3895
4273
4254
4151
4185
4783
3900
3725
3451
4110
4535
3990
3645
3753
3900
4262
4223
4459
4098
2244
